355498
357900
327577
365104
159141
390686
265327
436489
325514
337480
325514
386672
293298
282197
447953
399462
291826
401408
394974
376587
442343
270723
236842
259751
422883
449361
155155
403673
295105
379847
263552
343127
421882
376680
351731
455092
397381
332873
328960
438884
412521
277559
388008
316356
376257
355794
388369
306675
365148
421784
355685
364698
451292
452019
400683
293404
305571
278402
454018
276179
359053
340963
335894
356718
366674
394017
239728
330343
451939
394974
274532
367344
365148
216717
433957
340963
356718
408439
398404
337642
236842
269139
288667
445585
265327
269139
376898
239728
451939
424367
407809
385952
456055
451709
387159
368779
343929
370130
366674
363956
265327
263762
386139
454018
365148
363016
338121
389712
221430
319397
405463
407822
429508
409595
338121
252864
457150
442861
394442
413775
371604
324442
338015
382064
385340
363956
424935
398404
445585
278550
363956
353928
348160
279750
398404
338121
271680
424367
433632
405463
399693
433957
437551
261891
408439
423490
430689
266266
353507
424935
418089
433169
265099
295600
269051
264145
318642
371136
444267
432987
331767
401312
409439
173026
392361
270552
445511
378883
405463
282617
384029
387698
427962
171396
385340
362088
423778
267566
314016
354605
354119
394373
265075
335938
348767
353507
380745
378648
384483
446316
447917
291239
327577
337480
362529
371448
413262
335938
360498
362529
376257
418070
442176
322466
306663
341918
286869
282744
404757
398982
451502
376608
452666
176058
408411
345405
446361
417959
289141
371136
405571
268231
311553
349043
448294
428925
232016
367677
437938
380486
272431
382466
400823
398319
420820
373126
433990
268231
327403
438787
438269
431898
434886
251093
240464
260876
193139
398777
360498
256517
394458
436060
250890
440395
288079
309595
383008
241776
402201
408617
224493
436549
400892
441015
282886
167326
448938
322448
381417
360462
328494
361173
387336
282365
220961
365608
334334
244377
409899
437302
249138
423176
455903
417574
242436
353116
427444
387569
224108
341653
216789
216588
432210
311227
444331
393749
396517
431912
419586
416683
242430
428461
249095
423226
455200
424369
256517
394458
256517
344896
456763
242121
375763
223489
282284
371017
307643
339546
398423
328390
337590
323732
401103
253900
336181
446361
427032
261182
257137
303115
417857
242180
419500
346354
243955
291632
287427
366935
396517
349825
388508
353456
255218
321437
449396
446480
334346
338972
333601
248002
353928
377404
386672
247672
362884
447953
242430
247818
371498
344573
399462
416533
431957
229498
312203
111165
394458
368870
166701
157635
190465
450047
397980
428957
408861
391184
244449
339546
161031
450587
422147
116492
266887
148352
384839
253934
242222
227711
427170
163306
253900
227713
336181
179212
261182
279834
456701
301366
269314
120280
257137
212317
243955
185219
287427
425809
398250
250832
262682
365421
388508
249318
425608
272954
408334
425207
450242
413961
315160
413964
205803
162692
214730
414376
451991
116997
439706
414771
343273
440176
416223
443051
443060
245388
310656
155384
